0,567
0,566
0,565
0,564
0,563
0,562
0,561
79,18
79,17
0,560
79,16
0,559
0,558
0,557
0,556
0,555
0,554
138,43
138,42
138,41
0,553
0,552
0,551
0,550
0,549
0,548
138,40
79,15
79,14
79,13
79,12
79,11
0,547
0,546
0,545
140,4
140,3
140,2
140,1
140,0
139,4
139,3
139,2
139,1
139,0
0,544
138,39
138,38
138,37
138,36
79,10
79,9
79,8
79,7
0,543
138,35
115,1
115,0
114,5
114,4
114,3
114,2
114,1
114,0
113,4
113,3
113,2
113,1
113,0
112,3
112,2
112,1
112,0
111,4
111,3
111,2
111,1
111,0
110,4
110,3
20,2
110,2
110,1
20,1
110,0
109,4
109,3
109,2
20,3
109,1
109,0
108,3
108,2
108,1
108,0
107,3
107,2
107,1
107,0
106,6
106,5
106,4
106,3
19,2
106,2
19,1
106,1
106,0
105,4
105,3
19,3
105,2
105,1
105,0
104,3
104,2
104,1
104,0
103,4
103,3
103,2
103,1
103,0
102,8
102,7
102,6
102,5
102,4
102,3
102,2
102,1
102,0
101,3
101,2
101,1
101,0
100,3
100,2
100,1
100,0
99,3
99,2
99,1
99,0
98,5
98,4
98,3
98,2
98,1
98,0
97,3
97,2
97,1
97,0
96,4
96,3
96,2
18,1
96,1
96,0
95,5
95,4
95,3
95,2
95,1
18,3
95,0
94,5
94,4
94,3
94,2
94,1
94,0
93,4
93,3
93,2
93,1
93,0
92,3
14,8
14,3
92,2
13,1
92,1
92,0
91,3
13,3
91,2
91,1
91,0
90,4
90,3
90,2
90,1
90,0
89,6
89,5
89,4
89,3
89,2
89,1
89,0
88,3
88,2
88,1
88,0
87,3
2,2
2,1
87,2
87,1
87,0
86,4
86,1
86,3
2,3
86,2
82,8
82,7
82,6
14,15
14,14
